95
3
32
18
53
94
4
50
93
1
18
15
65
32
46
76
5
16
61
98
67
6
37
70
88
26
89
35
12
46
41
33
23
6
24
32
51
60
64
82
23
47
71
81
64
73
56
37
81
53
80
96
40
66
56
57
70
57
48
91
81
60
25
6
34
52
31
52
9
28
26
47
24
46
13
52
7
18
95
49
22
17
68
26
12
34
49
91
53
74
77
99
67
70
76
12
32
97
17
92
4
3
55
61
5
17
60
53
14
48
19
84
78
24
29
74
8
70
2
94
36
58
14
87
10
33
77
69
1
42
39
49
63
89
86
37
28
75
81
72
57
11
21
83
67
50
84
37
48
100
100
53
36
44
99
22
78
28
87
9
48
26
3
78
68
58
99
80
24
66
55
72
43
49
88
16
95
68
13
75
