96
30
90
58
67
100
2
41
2
83
84
4
46
3
36
1
15
74
90
49
32
86
42
7
78
20
2
82
27
57
27
34
91
51
59
45
69
39
12
10
79
85
46
81
28
87
72
71
90
8
63
24
64
35
80
3
41
44
10
24
38
82
87
100
26
52
6
48
5
15
26
19
9
90
65
25
31
89
52
85
52
75
27
22
51
83
70
90
21
16
35
72
46
83
27
22
56
68
12
53
29
37
88
85
14
33
21
43
38
92
5
35
26
82
84
44
14
56
58
77
71
74
100
10
64
41
7
59
56
82
66
51
65
55
7
65
68
30
95
1
25
86
8
42
31
4
12
80
88
87
82
50
18
24
66
92
87
27
55
59
43
82
4
43
11
87
55
43
21
99
78
91
84
12
22
47
20
74
38
80
74
14
72
56
66
79
53
37
85
88
39
12
40
4
25
36
79
40
89
27
